pass,h,inversions_before_pass,inversions,swaps,fixes,average fixes/swap,ratio of inital inversions fixed,ratio of current inversions fixed
1,9841,53855023,37928852,2376,15926171,6702.933922558923,0.2957230377563853,0.2957230377563853
2,3280,37928852,20776390,8161,17152462,2101.7598333537558,0.3184932629218262,0.4522272912451977
3,1093,20776390,9933125,15372,10843265,705.39064532917,0.2013417578523734,0.5219032276540824
4,364,9933125,4181108,23785,5752017,241.8338028169014,0.10680558060480264,0.5790742591077833
5,121,4181108,1793743,30781,2387365,77.55969591631201,0.04432947693662669,0.5709885991942806
6,40,1793743,639911,42299,1153832,27.277997115771058,0.021424779634761273,0.6432537994573359
7,13,639911,220866,50854,419045,8.240158099657844,0.007780982657829336,0.6548488774220165
8,4,220866,25502,55711,195364,3.5067401410852437,0.003627591060540444,0.8845363251926508
9,1,25502,0,25502,25502,1.0,4.735305748546426E-4,1.0
